-79.38 50.4 1 1 3 43 2
-105.39 43.75 2 2 54 2 4
-79.53 60.35 3 3 5 32 4
-79.68 43.82 4 4 7 1 2
-20.74 43.91 5 5 3 32 32
-79.82 43.94 6 6 2 76 21
-80.00 44.00 7 7 5 32 43
-105.00 44.12 8 8 6 14 32
-78.10 44.24 9 9 10 15 57
-81.23 44.34 10 6 14 90 32
-81.34 44.44 11 7 10 100 79
-81.45 44.45 12 8 32 30 21
-81.67 44.46 13 9 12 42 58
-81.69 44.47 14 9 4 23 25
-79.38 43.65 15 1 3 43 24
-79.39 43.75 16 2 54 2 12
-79.53 43.85 17 3 32 32 25
-79.68 43.82 18 4 35 1 2
-79.74 43.91 19 5 21 32 4 
-79.82 43.94 20 6 46 76 6
-80.00 44.00 21 7 31 32 12
-81.00 44.12 22 8 35 14 88
-81.10 44.24 23 9 21 15 33
-81.23 44.34 24 6 21 90 44
-81.34 44.44 25 7 35 100 55
-81.45 44.45 26 8 32 30 66
-81.67 44.46 27 9 12 42 88
-81.69 44.47 28 9 4 23 22
-81.23 44.34 24 6 21 90 44
-81.34 44.44 25 7 35 100 55
-81.45 44.45 26 8 32 30 66
-81.67 44.46 27 9 12 42 88
-81.69 44.47 28 9 4 23 22